Testing Metrices-Dataset 1
                  ANN       CNN        RF   BWO-ANN
Accuracy     0.905088  0.879992  0.914717  0.934048
Precision    0.903484  0.879992  0.913095  0.934048
Sensitivity  0.906599  0.879992  0.916244  0.934048
Specificity  0.903674  0.879992  0.913288  0.934048
F-Measure    0.877001  0.852776  0.886331  0.905160
MCC          0.356266  0.306685  0.460320  0.335231
NPV          0.906599  0.879992  0.916244  0.934048
FPR          0.195263  0.175195  0.241580  0.169133
FNR          0.233955  0.249296  0.222434  0.218475
Training Metrices-Dataset 1
                  ANN       CNN        RF   BWO-ANN
Accuracy     0.970200  0.970200  0.969507  0.970200
Precision    0.970200  0.970200  0.968835  0.970200
Sensitivity  0.970200  0.970200  0.970200  0.970200
Specificity  0.970200  0.970200  0.968794  0.970200
F-Measure    0.965325  0.965325  0.964642  0.965325
MCC          0.297004  0.346584  0.481114  0.424196
NPV          0.970200  0.970200  0.970200  0.970200
FPR          0.000000  0.000000  0.001435  0.000000
FNR          0.000000  0.000000  0.000000  0.000000
Testing Metrices-Dataset 2
                  ANN       CNN        RF   BWO-ANN
Accuracy     0.906599  0.916142  0.868426  0.925685
Precision    0.906599  0.916142  0.868426  0.925685
Sensitivity  0.906599  0.916142  0.868426  0.925685
Specificity  0.906599  0.916142  0.868426  0.925685
F-Measure    0.878560  0.887808  0.841568  0.897056
MCC          0.458110  0.374932  0.284158  0.299963
NPV          0.906599  0.916142  0.868426  0.925685
FPR          0.201839  0.202915  0.192547  0.195475
FNR          0.162393  0.181546  0.213889  0.148772
Training Metrices-Dataset 2
                  ANN       CNN        RF   BWO-ANN
Accuracy     0.970200  0.970200  0.970200  0.970200
Precision    0.970200  0.970200  0.970200  0.970200
Sensitivity  0.970200  0.970200  0.970200  0.970200
Specificity  0.970200  0.970200  0.970200  0.970200
F-Measure    0.965325  0.965325  0.965325  0.965325
MCC          0.314462  0.485525  0.472740  0.366864
NPV          0.970200  0.970200  0.970200  0.970200
FPR          0.000000  0.000000  0.000000  0.000000
FNR          0.000000  0.000000  0.000000  0.000000
Testing Metrices-Dataset 3
                  ANN       CNN        RF   BWO-ANN
Accuracy     0.878349  0.883609  0.904647  0.937252
Precision    0.925685  0.925685  0.916240  0.887151
Sensitivity  0.842374  0.851630  0.897915  0.916549
Specificity  0.925685  0.925685  0.913505  0.793059
F-Measure    0.856034  0.860788  0.879208  0.928328
MCC          0.888287  0.898455  0.939555  0.877203
NPV          0.827672  0.837525  0.890082  0.916542
FPR          0.020043  0.023977  0.022849  0.017074
FNR          0.094287  0.083810  0.031429  0.011967
Training Metrices-Dataset 3
                  ANN       CNN        RF   BWO-ANN
Accuracy     0.943897  0.919632  0.982721  0.982721
Precision    0.990000  0.984560  0.990000  0.990000
Sensitivity  0.900000  0.857368  0.975789  0.975789
Specificity  0.990000  0.985025  0.990000  0.990000
F-Measure    0.938344  0.912284  0.977940  0.977940
MCC          0.910966  0.865794  0.985397  0.985397
NPV          0.903716  0.867345  0.975297  0.975297
FPR          0.000000  0.005076  0.000000  0.000000
FNR          0.091827  0.135325  0.014499  0.014499